1 2 998.529
1 3 1846.89
1 4 970.823
1 5 1341.89
1 6 1580.64
1 7 448.826
1 8 1679.36
1 9 463.692
1 10 1617.98
1 11 1147.48
1 12 1362.33
1 13 1637.16
1 14 169.027
1 15 656.459
1 16 270.769
1 17 1324.71
1 18 678.305
1 19 1180.07
1 20 757.652
1 21 81.1542
1 22 1282.31
1 23 672.761
1 24 672.715
1 25 1323.39
1 26 689.854
1 27 744.347
1 28 882.15
1 29 821.736
1 30 985.191
1 31 2023.87
1 32 970.074
1 33 1319.47
1 34 1282.35
1 35 608.895
1 36 608.067
1 37 1334.84
1 38 284.524
1 39 1734.13
1 40 979.566
1 41 408.932
1 42 1189.62
1 43 1026.07
1 44 385.254
1 45 693.22
1 46 1567.64
1 47 1501.64
1 48 1664.4
1 49 340.718
1 50 932.353
2 1 998.529
2 3 964.507
2 4 356.557
2 5 623.571
2 6 821.585
2 7 554.718
2 8 944.367
2 9 782.185
2 10 622.547
2 11 230.829
2 12 915.647
2 13 935.645
2 14 849.949
2 15 345.637
2 16 729.464
2 17 326.181
2 18 1164.55
2 19 971.602
2 20 973.939
2 21 1034.88
2 22 1155.44
2 23 485.309
2 24 455.642
2 25 354.493
2 26 1131.11
2 27 584.755
2 28 1145.74
2 29 1083.1
2 30 368.676
2 31 1029.38
2 32 490.148
2 33 731.839
2 34 1176.24
2 35 554.669
2 36 1053.8
2 37 734.914
2 38 973.725
2 39 933.626
2 40 262.64
2 41 1099.98
2 42 248.761
2 43 33.541
2 44 899.027
2 45 991.861
2 46 603.619
2 47 859.2
2 48 977.815
2 49 662.82
2 50 393.935
3 1 1846.89
3 2 964.507
3 4 876.633
3 5 535.919
3 6 1365.13
3 7 1413.37
3 8 344.896
3 9 1735.94
3 10 550.604
3 11 1008.53
3 12 791.912
3 13 408.414
3 14 1732.67
3 15 1229.01
3 16 1585.47
3 17 744.357
3 18 1692
3 19 1851.72
3 20 1936.19
3 21 1855.86
3 22 2033.18
3 23 1179.72
3 24 1418.79
3 25 888.122
3 26 1645.94
3 27 1150.49
3 28 1528.2
3 29 1500.89
3 30 1276.47
3 31 794.965
3 32 903.469
3 33 647.883
3 34 2058.07
3 35 1516.48
3 36 1613.25
3 37 1476.41
3 38 1899
3 39 212.878
3 40 872.996
3 41 1776.41
3 42 716.807
3 43 956.362
3 44 1843.17
3 45 1494.53
3 46 887.789
3 47 523.974
3 48 431.231
3 49 1514.48
3 50 918.593
4 1 970.823
4 2 356.557
4 3 876.633
4 5 385.175
4 6 1169.11
4 7 547.691
4 8 733.226
4 9 924.876
4 10 756.719
4 11 578.433
4 12 579.741
4 13 703.159
4 14 864.113
4 15 395.545
4 16 713.253
4 17 542.244
4 18 918.921
4 19 1289.87
4 20 1194.51
4 21 979.479
4 22 1469.69
4 23 304.897
4 24 665.613
4 25 649.986
4 26 878.371
4 27 314.682
4 28 844.624
4 29 790.122
4 30 704.418
4 31 1209.1
4 32 135.181
4 33 426.907
4 34 1487.87
4 35 745.201
4 36 818.211
4 37 1090.49
4 38 1047.09
4 39 769.89
4 40 95.3362
4 41 932.586
4 42 319.269
4 43 382.907
4 44 1011.52
4 45 726.419
4 46 874.406
4 47 589.998
4 48 738.475
4 49 643.028
4 50 55.6058
5 1 1341.89
5 2 623.571
5 3 535.919
5 4 385.175
5 6 1314
5 7 931.378
5 8 348.281
5 9 1306.06
5 10 653.489
5 11 779.911
5 12 382.523
5 13 322.684
5 14 1245.11
5 15 776.989
5 16 1092.39
5 17 601.419
5 18 1159.04
5 19 1594.64
5 20 1560.36
5 21 1342.31
5 22 1778.74
5 23 669.216
5 24 1026.87
5 25 758.584
5 26 1113.37
5 27 620.423
5 28 1009.54
5 29 975.904
5 30 990.657
5 31 1084.74
5 32 375.981
5 33 171.143
5 34 1799.72
5 35 1114.21
5 36 1077.9
5 37 1315.36
5 38 1431.95
5 39 392.747
5 40 421.375
5 41 1242.16
5 42 415.626
5 43 633.582
5 44 1396.04
5 45 960.802
5 46 905.89
5 47 236.783
5 48 361.471
5 49 1023.26
5 50 413.091
6 1 1580.64
6 2 821.585
6 3 1365.13
6 4 1169.11
6 5 1314
6 7 1229.09
6 8 1531.85
6 9 1167.57
6 10 814.617
6 11 592.003
6 12 1674.71
6 13 1553.5
6 14 1411.62
6 15 1065.62
6 16 1359.12
6 17 713.507
6 18 1943.17
6 19 723.414
6 20 1100.76
6 21 1644.7
6 22 854.059
6 23 1281.67
6 24 911.175
6 25 555.645
6 26 1915.76
6 27 1398.86
6 28 1957.23
6 29 1891.78
6 30 606.422
6 31 839.974
6 32 1304.29
6 33 1467.15
6 34 882.046
6 35 972.8
6 36 1830.13
6 37 291.671
6 38 1415.09
6 39 1457.54
6 40 1073.86
6 41 1819.3
6 42 913.982
6 43 791.162
6 44 1295.5
6 45 1788.81
6 46 478.023
6 47 1536.33
6 48 1597.89
6 49 1314.82
6 50 1212.12
7 1 448.826
7 2 554.718
7 3 1413.37
7 4 547.691
7 5 931.378
7 6 1229.09
7 8 1277.91
7 9 428.361
7 10 1170.36
7 11 726.043
7 12 1032.58
7 13 1243.39
7 14 319.32
7 15 209.402
7 16 178.138
7 17 880.16
7 18 740.97
7 19 1020.34
7 20 752.455
7 21 480.368
7 22 1171.37
7 23 288.064
7 24 353.171
7 25 892.996
7 26 723.069
7 27 414.982
7 28 829.583
7 29 758.752
7 30 624.194
7 31 1583.86
7 32 580.941
7 33 941.491
7 34 1181.2
7 35 358.232
7 36 630.457
7 37 1027.31
7 38 501.977
7 39 1317.43
7 40 540.507
7 41 590.249
7 42 741.238
7 43 583.949
7 44 483.448
7 45 629.982
7 46 1141.73
7 47 1118.86
7 48 1275.7
7 49 108.674
7 50 519.339
8 1 1679.36
8 2 944.367
8 3 344.896
8 4 733.226
8 5 348.281
8 6 1531.85
8 7 1277.91
8 9 1653.65
8 10 757.451
8 11 1063.07
8 12 465.798
8 13 65.8559
8 14 1589.33
8 15 1124.98
8 16 1435.74
8 17 834.698
8 18 1421.72
8 19 1903.32
8 20 1901.35
8 21 1674.63
8 22 2087.94
8 23 1009.23
8 24 1368.18
8 25 995.8
8 26 1374.94
8 27 943.04
8 28 1233.66
8 29 1215.54
8 30 1301.61
8 31 1100.8
8 32 709.373
8 33 374.767
8 34 2110.38
8 35 1457.91
8 36 1355.67
8 37 1583.59
8 38 1779.21
8 39 132.098
8 40 766.932
8 41 1544
8 42 708.927
8 43 948.322
8 44 1744.32
8 45 1229.93
8 46 1075.57
8 47 206.189
8 48 88.0738
8 49 1367.47
8 50 758.615
9 1 463.692
9 2 782.185
9 3 1735.94
9 4 924.876
9 5 1306.06
9 6 1167.57
9 7 428.361
9 8 1653.65
9 10 1384.61
9 11 847.489
9 12 1452.96
9 13 1627.16
9 14 316
9 15 529.532
9 16 380.266
9 17 1082.75
9 18 1059.42
9 19 717.148
9 20 337.654
9 21 542.21
9 22 829.014
9 23 711.034
9 24 335.555
9 25 1030.42
9 26 1055.92
9 27 843.102
9 28 1206.26
9 29 1137
9 30 616.682
9 31 1733.62
9 32 987.353
9 33 1343.34
9 34 831.867
9 35 236.73
9 36 962.977
9 37 900.665
9 38 247.524
9 39 1673.73
9 40 887.672
9 41 827.227
9 42 1022.32
9 43 798.385
9 44 131.883
9 45 1002.12
9 46 1250.96
9 47 1513.77
9 48 1663.19
9 49 402.165
9 50 910.371
10 1 1617.98
10 2 622.547
10 3 550.604
10 4 756.719
10 5 653.489
10 6 814.617
10 7 1170.36
10 8 757.451
10 9 1384.61
10 11 553.058
10 12 1033.8
10 13 793.857
10 14 1472.21
10 15 961.603
10 16 1347.57
10 17 302.293
10 18 1675.62
10 19 1348.31
10 20 1514.4
10 21 1649.77
10 22 1523.85
10 23 1029.54
10 24 1049.19
10 25 387.559
10 26 1634.82
10 27 1070.78
10 28 1585.26
10 29 1536.74
10 30 825.041
10 31 454.357
10 32 858.637
10 33 824.574
10 34 1550.09
10 35 1148.87
10 36 1574.46
10 37 943.823
10 38 1591.34
10 39 662.107
10 40 694.113
10 41 1671.68
10 42 449.165
10 43 598.306
10 44 1508.37
10 45 1482.2
10 46 337.249
10 47 821.663
10 48 835.556
10 49 1279.03
10 50 812.219
11 1 1147.48
11 2 230.829
11 3 1008.53
11 4 578.433
11 5 779.911
11 6 592.003
11 7 726.043
11 8 1063.07
11 9 847.489
11 10 553.058
11 12 1110.83
11 13 1067.11
11 14 986.694
11 15 528.626
11 16 888.608
11 17 268.403
11 18 1384.63
11 19 848.172
11 20 961.691
11 21 1194.75
11 22 1031.81
11 23 708.19
11 24 514.513
11 25 183.175
11 26 1352.98
11 27 814.371
11 28 1375.25
11 29 1311.88
11 30 274.591
11 31 889.762
11 32 713.527
11 33 913.223
11 34 1055.6
11 35 610.999
11 36 1272.74
11 37 536.347
11 38 1070.54
11 39 1025.4
11 40 483.1
11 41 1299.82
11 42 364.56
11 43 199.492
11 44 975.895
11 45 1217.16
11 46 420.202
11 47 1015.2
11 48 1111.26
11 49 828.748
11 50 620.291
12 1 1362.33
12 2 915.647
12 3 791.912
12 4 579.741
12 5 382.523
12 6 1674.71
12 7 1032.58
12 8 465.798
12 9 1452.96
12 10 1033.8
12 11 1110.83
12 13 400.746
12 14 1309.27
12 15 944.146
12 16 1156.72
12 17 970.141
12 18 987.605
12 19 1869.4
12 20 1750.87
12 21 1339.91
12 22 2049.43
12 23 744.598
12 24 1234.24
12 25 1120.78
12 26 941.048
12 27 628.955
12 28 779.831
12 29 770.34
12 30 1278.47
12 31 1454.1
12 32 475.649
12 33 213.115
12 34 2067.58
12 35 1304.52
12 36 937.201
12 37 1644.06
12 38 1520.82
12 39 586.926
12 40 661.481
12 41 1149.63
12 42 761.024
12 43 935.155
12 44 1515.83
12 45 807.272
12 46 1285.13
12 47 268.019
12 48 399.831
12 49 1097.5
12 50 568.69
13 1 1637.16
13 2 935.645
13 3 408.414
13 4 703.159
13 5 322.684
13 6 1553.5
13 7 1243.39
13 8 65.8559
13 9 1627.16
13 10 793.857
13 11 1067.11
13 12 400.746
13 14 1551.82
13 15 1097.68
13 16 1397.7
13 17 848.982
13 18 1362.76
13 19 1901.11
13 20 1882.77
13 21 1630
13 22 2085.7
13 23 969.961
13 24 1349.24
13 25 1010.71
13 26 1315.95
13 27 897.094
13 28 1171.44
13 29 1154.66
13 30 1297.66
13 31 1152.21
13 32 668.886
13 33 323.012
13 34 2107.6
13 35 1436.89
13 36 1298.83
13 37 1593.48
13 38 1745.32
13 39 195.727
13 40 744.046
13 41 1490.88
13 42 707.425
13 43 941.901
13 44 1714.4
13 45 1172.26
13 46 1104.4
13 47 146.414
13 48 44.6542
13 49 1330.27
13 50 724.572
14 1 169.027
14 2 849.949
14 3 1732.67
14 4 864.113
14 5 1245.11
14 6 1411.62
14 7 319.32
14 8 1589.33
14 9 316
14 10 1472.21
14 11 986.694
14 12 1309.27
14 13 1551.82
14 15 516.236
14 16 154.564
14 17 1175.12
14 18 757.493
14 19 1030.96
14 20 636.68
14 21 237.403
14 22 1144.73
14 23 582.541
14 24 504.148
14 25 1164.87
14 26 759.276
14 27 680.498
14 28 928.912
14 29 862.67
14 30 816.838
14 31 1868.71
14 32 883.653
14 33 1241.88
14 34 1147.08
14 35 440.247
14 36 669.057
14 37 1167.18
14 38 220.518
14 39 1633.8
14 40 859.824
14 41 513.218
14 42 1054.58
14 43 875.773
14 44 272.531
14 45 728.176
14 46 1406.72
14 47 1422.29
14 48 1582.18
14 49 221.903
14 50 832.024
15 1 656.459
15 2 345.637
15 3 1229.01
15 4 395.545
15 5 776.989
15 6 1065.62
15 7 209.402
15 8 1124.98
15 9 529.532
15 10 961.603
15 11 528.626
15 12 944.146
15 13 1097.68
15 14 516.236
15 16 385.966
15 17 670.779
15 18 877.765
15 19 974.53
15 20 807.402
15 21 689.768
15 22 1143.06
15 23 252.4
15 24 298.458
15 25 688.728
15 26 851.469
15 27 395.956
15 28 915.035
15 29 846.038
15 30 477.938
15 31 1375.01
15 32 469.419
15 33 817.642
15 34 1157.4
15 35 360.501
15 36 764.712
15 37 895.454
15 38 670.003
15 39 1150.3
15 40 362.2
15 41 771.596
15 42 538.436
15 43 375.406
15 44 621.18
15 45 731.751
15 46 938.525
15 47 985.195
15 48 1133.67
15 49 317.907
15 50 384.526
16 1 270.769
16 2 729.464
16 3 1585.47
16 4 713.253
16 5 1092.39
16 6 1359.12
16 7 178.138
16 8 1435.74
16 9 380.266
16 10 1347.57
16 11 888.608
16 12 1156.72
16 13 1397.7
16 14 154.564
16 15 385.966
16 17 1055.54
16 18 686.366
16 19 1060.18
16 20 717.707
16 21 307.002
16 22 1192.56
16 23 428.098
16 24 451.563
16 25 1060.75
16 26 679.389
16 27 527.774
16 28 826.16
16 29 757.133
16 30 753.741
16 31 1757.09
16 32 729.285
16 33 1087.32
16 34 1198.37
16 35 416.371
16 36 585.724
16 37 1135.07
16 38 365.472
16 39 1482.11
16 40 714.158
16 41 481.362
16 42 919.298
16 43 757.715
16 44 385.561
16 45 622.101
16 46 1307.56
16 47 1267.78
16 48 1427.84
16 49 71.1969
16 50 679.46
17 1 1324.71
17 2 326.181
17 3 744.357
17 4 542.244
17 5 601.419
17 6 713.507
17 7 880.16
17 8 834.698
17 9 1082.75
17 10 302.293
17 11 268.403
17 12 970.141
17 13 848.982
17 14 1175.12
17 15 670.779
17 16 1055.54
17 18 1443.34
17 19 1107.46
17 20 1225.02
17 21 1360.52
17 22 1289.35
17 23 773.088
17 24 747.553
17 25 161.756
17 26 1405.79
17 27 840.348
17 28 1386.46
17 29 1330.58
17 30 542.365
17 31 706.689
17 32 667.063
17 33 759.171
17 34 1314.04
17 35 847.434
17 36 1336.62
17 37 751.109
17 38 1289.41
17 39 780.139
17 40 459.367
17 41 1408.56
17 42 229.085
17 43 299.348
17 44 1206.12
17 45 1257.94
17 46 334.464
17 47 823.17
17 48 893.633
17 49 988.518
17 50 596.018
18 1 678.305
18 2 1164.55
18 3 1692
18 4 918.921
18 5 1159.04
18 6 1943.17
18 7 740.97
18 8 1421.72
18 9 1059.42
18 10 1675.62
18 11 1384.63
18 12 987.605
18 13 1362.76
18 14 757.493
18 15 877.765
18 16 686.366
18 17 1443.34
18 19 1743.64
18 20 1391.69
18 21 608.464
18 22 1878.92
18 23 679.342
18 24 1093.93
18 25 1516.31
18 26 46.8188
18 27 605.971
18 28 251.645
18 29 226
18 30 1350.71
18 31 2127.72
18 32 826.541
18 33 1053.38
18 34 1884.65
18 35 1086.56
18 36 113.053
18 37 1763.19
18 38 953.52
18 39 1519.36
18 40 988.001
18 41 278.002
18 42 1233.58
18 43 1198.09
18 44 1029.51
18 45 198.806
18 46 1760.96
18 47 1216.53
18 48 1373.5
18 49 691.339
18 50 863.4
19 1 1180.07
19 2 971.602
19 3 1851.72
19 4 1289.87
19 5 1594.64
19 6 723.414
19 7 1020.34
19 8 1903.32
19 9 717.148
19 10 1348.31
19 11 848.172
19 12 1869.4
19 13 1901.11
19 14 1030.96
19 15 974.53
19 16 1060.18
19 17 1107.46
19 18 1743.64
19 20 477.649
19 21 1259.19
19 22 184.629
19 23 1225.54
19 24 683.169
19 25 968.878
19 26 1732.41
19 27 1370.05
19 28 1849.88
19 29 1779.05
19 30 604.149
19 31 1524.15
19 32 1404.82
19 33 1699.14
19 34 207.511
19 35 662.483
19 36 1638.41
19 37 448.018
19 38 929.017
19 39 1872.69
19 40 1209.57
19 41 1534.26
19 42 1194.59
19 43 961.241
19 44 806.895
19 45 1649.93
19 46 1068.45
19 47 1830.7
19 48 1944.29
19 49 1052.86
19 50 1306.33
20 1 757.652
20 2 973.939
20 3 1936.19
20 4 1194.51
20 5 1560.36
20 6 1100.76
20 7 752.455
20 8 1901.35
20 9 337.654
20 10 1514.4
20 11 961.691
20 12 1750.87
20 13 1882.77
20 14 636.68
20 15 807.402
20 16 717.707
20 17 1225.02
20 18 1391.69
20 19 477.649
20 21 838.805
20 22 535.993
20 23 1022.48
20 24 533.529
20 25 1132.02
20 26 1390.26
20 27 1161.27
20 28 1543.84
20 29 1474.64
20 30 690.036
20 31 1797.75
20 32 1276.8
20 33 1621.07
20 34 532.049
20 35 449.37
20 36 1297.94
20 37 810.015
20 38 481.55
20 39 1903.79
20 40 1139.94
20 41 1148.66
20 42 1222.67
20 43 980.027
20 44 372.743
20 45 1339.72
20 46 1311.43
20 47 1781.88
20 48 1921.78
20 49 738.391
20 50 1190.28
21 1 81.1542
21 2 1034.88
21 3 1855.86
21 4 979.479
21 5 1342.31
21 6 1644.7
21 7 480.368
21 8 1674.63
21 9 542.21
21 10 1649.77
21 11 1194.75
21 12 1339.91
21 13 1630
21 14 237.403
21 15 689.768
21 16 307.002
21 17 1360.52
21 18 608.464
21 19 1259.19
21 20 838.805
21 22 1363.03
21 23 676.504
21 24 734.118
21 25 1367.69
21 26 623.041
21 27 733.175
21 28 821.414
21 29 763.623
21 30 1045.05
21 31 2063.49
21 32 967.464
21 33 1309.58
21 34 1363.23
21 35 676.14
21 36 545.191
21 37 1403.91
21 38 364.445
21 39 1735.06
21 40 995.942
21 41 334.648
21 42 1214.72
21 43 1063.69
21 44 466.387
21 45 638.905
21 46 1614.16
21 47 1491.8
21 48 1655.48
21 49 372.06
21 50 937.75
22 1 1282.31
22 2 1155.44
22 3 2033.18
22 4 1469.69
22 5 1778.74
22 6 854.059
22 7 1171.37
22 8 2087.94
22 9 829.014
22 10 1523.85
22 11 1031.81
22 12 2049.43
22 13 2085.7
22 14 1144.73
22 15 1143.06
22 16 1192.56
22 17 1289.35
22 18 1878.92
22 19 184.629
22 20 535.993
22 21 1363.03
22 23 1391.76
22 24 847.08
22 25 1148.01
22 26 1870.84
22 27 1536.65
22 28 1999.28
22 29 1928.54
22 30 788.51
22 31 1676.97
22 32 1582.27
22 33 1881.58
22 34 28.0179
22 35 814.079
22 36 1776.87
22 37 600.913
22 38 1014.49
22 39 2056.77
22 40 1390.89
22 41 1655.93
22 42 1379.22
22 43 1145.52
22 44 898.888
22 45 1797.2
22 46 1234.21
22 47 2014.64
22 48 2128.85
22 49 1193.12
22 50 1484.4
23 1 672.761
23 2 485.309
23 3 1179.72
23 4 304.897
23 5 669.216
23 6 1281.67
23 7 288.064
23 8 1009.23
23 9 711.034
23 10 1029.54
23 11 708.19
23 12 744.598
23 13 969.961
23 14 582.541
23 15 252.4
23 16 428.098
23 17 773.088
23 18 679.342
23 19 1225.54
23 20 1022.48
23 21 676.504
23 22 1391.76
23 24 544.706
23 25 837.257
23 26 645.868
23 27 144.903
23 28 677.322
23 29 610.667
23 30 717.714
23 31 1472.24
23 32 301.231
23 33 659.748
23 34 1405.23
23 35 591.352
23 36 569.084
23 37 1135.25
23 38 783.629
23 39 1061.37
23 40 338.652
23 41 642.191
23 42 580.401
23 43 518.845
23 44 771.495
23 45 509.284
23 46 1083.21
23 47 839.774
23 48 999.776
23 49 362.117
23 50 261.262
24 1 672.715
24 2 455.642
24 3 1418.79
24 4 665.613
24 5 1026.87
24 6 911.175
24 7 353.171
24 8 1368.18
24 9 335.555
24 10 1049.19
24 11 514.513
24 12 1234.24
24 13 1349.24
24 14 504.148
24 15 298.458
24 16 451.563
24 17 747.553
24 18 1093.93
24 19 683.169
24 20 533.529
24 21 734.118
24 22 847.08
24 23 544.706
24 25 697.685
24 26 1076.2
24 27 689.606
24 28 1174.41
24 29 1103.8
24 30 312.8
24 31 1403.55
24 32 758.765
24 33 1092.39
24 34 860.566
24 35 100.18
24 36 983.623
24 37 684.327
24 38 557.258
24 39 1374.01
24 40 606.902
24 41 926.086
24 42 701.989
24 43 468.386
24 44 461.866
24 45 978.622
24 46 925.485
24 47 1249.73
24 48 1388.32
24 49 416.255
24 50 666.784
25 1 1323.39
25 2 354.493
25 3 888.122
25 4 649.986
25 5 758.584
25 6 555.645
25 7 892.996
25 8 995.8
25 9 1030.42
25 10 387.559
25 11 183.175
25 12 1120.78
25 13 1010.71
25 14 1164.87
25 15 688.728
25 16 1060.75
25 17 161.756
25 18 1516.31
25 19 968.878
25 20 1132.02
25 21 1367.69
25 22 1148.01
25 23 837.257
25 24 697.685
25 26 1481.68
25 27 925.32
25 28 1482.82
25 29 1423.12
25 30 442.191
25 31 707.199
25 32 782.061
25 33 912.002
25 34 1173.5
25 35 794.051
25 36 1406.34
25 37 593.617
25 38 1253.47
25 39 937.804
25 40 558.628
25 41 1453.2
25 42 362.994
25 43 321.31
25 44 1159.03
25 45 1339.24
25 46 250.138
25 47 983.392
25 48 1055.35
25 49 998.333
25 50 699.927
26 1 689.854
26 2 1131.11
26 3 1645.94
26 4 878.371
26 5 1113.37
26 6 1915.76
26 7 723.069
26 8 1374.94
26 9 1055.92
26 10 1634.82
26 11 1352.98
26 12 941.048
26 13 1315.95
26 14 759.276
26 15 851.469
26 16 679.389
26 17 1405.79
26 18 46.8188
26 19 1732.41
26 20 1390.26
26 21 623.041
26 22 1870.84
26 23 645.868
26 24 1076.2
26 25 1481.68
26 27 566.711
26 28 215.474
26 29 182.702
26 30 1326.62
26 31 2087.46
26 32 783.578
26 33 1006.79
26 34 1877.25
26 35 1072.91
26 36 94.0479
26 37 1740.76
26 38 960.533
26 39 1472.78
26 40 949.173
26 41 299.702
26 42 1194.21
26 43 1164.63
26 44 1031.8
26 45 154.467
26 46 1725.3
26 47 1169.72
26 48 1326.69
26 49 679.592
26 50 822.788
27 1 744.347
27 2 584.755
27 3 1150.49
27 4 314.682
27 5 620.423
27 6 1398.86
27 7 414.982
27 8 943.04
27 9 843.102
27 10 1070.78
27 11 814.371
27 12 628.955
27 13 897.094
27 14 680.498
27 15 395.956
27 16 527.774
27 17 840.348
27 18 605.971
27 19 1370.05
27 20 1161.27
27 21 733.175
27 22 1536.65
27 23 144.903
27 24 689.606
27 25 925.32
27 26 566.711
27 28 560.994
27 29 498.776
27 30 851.657
27 31 1522.02
27 32 247.081
27 33 576.459
27 34 1550.13
27 35 734.983
27 36 503.7
27 37 1267.2
27 38 892.247
27 39 1010.71
27 40 382.51
27 41 628.834
27 42 627.637
27 43 617.554
27 44 893.212
27 45 417.599
27 46 1164.17
27 47 758.718
27 48 922.312
27 49 469.596
27 50 259.725
28 1 882.15
28 2 1145.74
28 3 1528.2
28 4 844.624
28 5 1009.54
28 6 1957.23
28 7 829.583
28 8 1233.66
28 9 1206.26
28 10 1585.26
28 11 1375.25
28 12 779.831
28 13 1171.44
28 14 928.912
28 15 915.035
28 16 826.16
28 17 1386.46
28 18 251.645
28 19 1849.88
28 20 1543.84
28 21 821.414
28 22 1999.28
28 23 677.322
28 24 1174.41
28 25 1482.82
28 26 215.474
28 27 560.994
28 29 70.8308
28 30 1391.44
28 31 2039.44
28 32 728.097
28 33 880.435
28 34 2008.08
28 35 1187.75
28 36 276.818
28 37 1809.51
28 38 1140.43
28 39 1341.68
28 40 928.493
28 41 510.813
28 42 1163.22
28 43 1178.49
28 44 1199.12
28 45 204.189
28 46 1716.57
28 47 1027.63
28 48 1176.63
28 49 810.744
28 50 790.454
29 1 821.736
29 2 1083.1
29 3 1500.89
29 4 790.122
29 5 975.904
29 6 1891.78
29 7 758.752
29 8 1215.54
29 9 1137
29 10 1536.74
29 11 1311.88
29 12 770.34
29 13 1154.66
29 14 862.67
29 15 846.038
29 16 757.133
29 17 1330.58
29 18 226
29 19 1779.05
29 20 1474.64
29 21 763.623
29 22 1928.54
29 23 610.667
29 24 1103.8
29 25 1423.12
29 26 182.702
29 27 498.776
29 28 70.8308
29 30 1322.98
29 31 1991.1
29 32 678.146
29 33 854.888
29 34 1937.4
29 35 1116.92
29 36 224.27
29 37 1741
29 38 1075.8
29 39 1319.37
29 40 871.572
29 41 463.35
29 42 1109.34
29 43 1116.05
29 44 1131.98
29 45 135.204
29 46 1659.06
29 47 1009.4
29 48 1162.47
29 49 740.582
29 50 735.326
30 1 985.191
30 2 368.676
30 3 1276.47
30 4 704.418
30 5 990.657
30 6 606.422
30 7 624.194
30 8 1301.61
30 9 616.682
30 10 825.041
30 11 274.591
30 12 1278.47
30 13 1297.66
30 14 816.838
30 15 477.938
30 16 753.741
30 17 542.365
30 18 1350.71
30 19 604.149
30 20 690.036
30 21 1045.05
30 22 788.51
30 23 717.714
30 24 312.8
30 25 442.191
30 26 1326.62
30 27 851.657
30 28 1391.44
30 29 1322.98
30 31 1126.24
30 32 829.47
30 33 1099.74
30 34 810.055
30 35 391.203
30 36 1237.89
30 37 418.077
30 38 856.18
30 39 1277.51
30 40 617.403
30 41 1213.85
30 42 592.878
30 43 357.123
30 44 748.473
30 45 1209.67
30 46 639.414
30 47 1226.94
30 48 1340.63
30 49 708.395
30 50 729.672
31 1 2023.87
31 2 1029.38
31 3 794.965
31 4 1209.1
31 5 1084.74
31 6 839.974
31 7 1583.86
31 8 1100.8
31 9 1733.62
31 10 454.357
31 11 889.762
31 12 1454.1
31 13 1152.21
31 14 1868.71
31 15 1375.01
31 16 1757.09
31 17 706.689
31 18 2127.72
31 19 1524.15
31 20 1797.75
31 21 2063.49
31 22 1676.97
31 23 1472.24
31 24 1403.55
31 25 707.199
31 26 2087.46
31 27 1522.02
31 28 2039.44
31 29 1991.1
31 30 1126.24
31 32 1312.99
31 33 1252.95
31 34 1704.87
31 35 1498.38
31 36 2025.2
31 37 1077.84
31 38 1960.24
31 39 979.062
31 40 1142
31 41 2112.23
31 42 895.599
31 43 999.925
31 44 1863.5
31 45 1935.36
31 46 487.751
31 47 1216
31 48 1187.57
31 49 1691.6
31 50 1264.7
32 1 970.074
32 2 490.148
32 3 903.469
32 4 135.181
32 5 375.981
32 6 1304.29
32 7 580.941
32 8 709.373
32 9 987.353
32 10 858.637
32 11 713.527
32 12 475.649
32 13 668.886
32 14 883.653
32 15 469.419
32 16 729.285
32 17 667.063
32 18 826.541
32 19 1404.82
32 20 1276.8
32 21 967.464
32 22 1582.27
32 23 301.231
32 24 758.765
32 25 782.061
32 26 783.578
32 27 247.081
32 28 728.097
32 29 678.146
32 30 829.47
32 31 1312.99
32 33 360.555
32 34 1599.39
32 35 829.33
32 36 732.962
32 37 1222.18
32 38 1081.77
32 39 768.276
32 40 230.489
32 41 875.034
32 42 439.396
32 43 517.32
32 44 1061.07
32 45 629.331
32 46 1001.09
32 47 539.073
32 48 698.556
32 49 662.677
32 50 99.8098
33 1 1319.47
33 2 731.839
33 3 647.883
33 4 426.907
33 5 171.143
33 6 1467.15
33 7 941.491
33 8 374.767
33 9 1343.34
33 10 824.574
33 11 913.223
33 12 213.115
33 13 323.012
33 14 1241.88
33 15 817.642
33 16 1087.32
33 17 759.171
33 18 1053.38
33 19 1699.14
33 20 1621.07
33 21 1309.58
33 22 1881.58
33 23 659.748
33 24 1092.39
33 25 912.002
33 26 1006.79
33 27 576.459
33 28 880.435
33 29 854.888
33 30 1099.74
33 31 1252.95
33 32 360.555
33 34 1901.12
33 35 1171.7
33 36 983.146
33 37 1449.11
33 38 1442.15
33 39 466.004
33 40 493.077
33 41 1169.26
33 42 555.947
33 43 747.746
33 44 1420.78
33 45 859.015
33 46 1072.1
33 47 182.275
33 48 346.001
33 49 1021.86
33 50 433.389
34 1 1282.35
34 2 1176.24
34 3 2058.07
34 4 1487.87
34 5 1799.72
34 6 882.046
34 7 1181.2
34 8 2110.38
34 9 831.867
34 10 1550.09
34 11 1055.6
34 12 2067.58
34 13 2107.6
34 14 1147.08
34 15 1157.4
34 16 1198.37
34 17 1314.04
34 18 1884.65
34 19 207.511
34 20 532.049
34 21 1363.23
34 22 28.0179
34 23 1405.23
34 24 860.566
34 25 1173.5
34 26 1877.25
34 27 1550.13
34 28 2008.08
34 29 1937.4
34 30 810.055
34 31 1704.87
34 32 1599.39
34 33 1901.12
34 35 824.721
34 36 1783.34
34 37 628.609
34 38 1012.25
34 39 2080.2
34 40 1409.87
34 41 1659.09
34 42 1401.52
34 43 1166.82
34 44 898.079
34 45 1805.61
34 46 1261.47
34 47 2035.41
34 48 2150.65
34 49 1200.55
34 50 1501.8
35 1 608.895
35 2 554.669
35 3 1516.48
35 4 745.201
35 5 1114.21
35 6 972.8
35 7 358.232
35 8 1457.91
35 9 236.73
35 10 1148.87
35 11 610.999
35 12 1304.52
35 13 1436.89
35 14 440.247
35 15 360.501
35 16 416.371
35 17 847.434
35 18 1086.56
35 19 662.483
35 20 449.37
35 21 676.14
35 22 814.079
35 23 591.352
35 24 100.18
35 25 794.051
35 26 1072.91
35 27 734.983
35 28 1187.75
35 29 1116.92
35 30 391.203
35 31 1498.38
35 32 829.33
35 33 1171.7
35 34 824.721
35 36 979.16
35 37 728.091
35 38 466.31
35 39 1467.5
35 40 692.931
35 41 897.659
35 42 799.88
35 43 568.149
35 44 365.168
35 45 987.446
35 46 1017.61
35 47 1333.29
35 48 1475.19
35 49 396.081
35 50 741.321
36 1 608.067
36 2 1053.8
36 3 1613.25
36 4 818.211
36 5 1077.9
36 6 1830.13
36 7 630.457
36 8 1355.67
36 9 962.977
36 10 1574.46
36 11 1272.74
36 12 937.201
36 13 1298.83
36 14 669.057
36 15 764.712
36 16 585.724
36 17 1336.62
36 18 113.053
36 19 1638.41
36 20 1297.94
36 21 545.191
36 22 1776.87
36 23 569.084
36 24 983.623
36 25 1406.34
36 26 94.0479
36 27 503.7
36 28 276.818
36 29 224.27
36 30 1237.89
36 31 2025.2
36 32 732.962
36 33 983.146
36 34 1783.34
36 35 979.16
36 37 1650.81
36 38 873.657
36 39 1447.56
36 40 883.724
36 41 239.771
36 42 1129.94
36 43 1087.34
36 44 941.515
36 45 130.311
36 46 1651.88
36 47 1152.46
36 48 1312.61
36 49 585.568
36 50 762.984
37 1 1334.84
37 2 734.914
37 3 1476.41
37 4 1090.49
37 5 1315.36
37 6 291.671
37 7 1027.31
37 8 1583.59
37 9 900.665
37 10 943.823
37 11 536.347
37 12 1644.06
37 13 1593.48
37 14 1167.18
37 15 895.454
37 16 1135.07
37 17 751.109
37 18 1763.19
37 19 448.018
37 20 810.015
37 21 1403.91
37 22 600.913
37 23 1135.25
37 24 684.327
37 25 593.617
37 26 1740.76
37 27 1267.2
37 28 1809.51
37 29 1741
37 30 418.077
37 31 1077.84
37 32 1222.18
37 33 1449.11
37 34 628.609
37 35 728.091
37 36 1650.81
37 38 1146.95
37 39 1530.89
37 40 997.422
37 41 1609.98
37 42 899.744
37 43 711.613
37 44 1024.58
37 45 1626.81
37 46 637.095
37 47 1549.62
37 48 1638.01
37 49 1100.04
37 50 1123.7
38 1 284.524
38 2 973.725
38 3 1899
38 4 1047.09
38 5 1431.95
38 6 1415.09
38 7 501.977
38 8 1779.21
38 9 247.524
38 10 1591.34
38 11 1070.54
38 12 1520.82
38 13 1745.32
38 14 220.518
38 15 670.003
38 16 365.472
38 17 1289.41
38 18 953.52
38 19 929.017
38 20 481.55
38 21 364.445
38 22 1014.49
38 23 783.629
38 24 557.258
38 25 1253.47
38 26 960.533
38 27 892.247
38 28 1140.43
38 29 1075.8
38 30 856.18
38 31 1960.24
38 32 1081.77
38 33 1442.15
38 34 1012.25
38 35 466.31
38 36 873.657
38 37 1146.95
38 39 1814.87
38 40 1029.58
38 41 690.899
38 42 1199.64
38 43 994.779
38 44 124.824
38 45 942.399
38 46 1482.57
38 47 1620.43
38 48 1777.67
38 49 423.572
38 50 1020.99
39 1 1734.13
39 2 933.626
39 3 212.878
39 4 769.89
39 5 392.747
39 6 1457.54
39 7 1317.43
39 8 132.098
39 9 1673.73
39 10 662.107
39 11 1025.4
39 12 586.926
39 13 195.727
39 14 1633.8
39 15 1150.3
39 16 1482.11
39 17 780.139
39 18 1519.36
39 19 1872.69
39 20 1903.79
39 21 1735.06
39 22 2056.77
39 23 1061.37
39 24 1374.01
39 25 937.804
39 26 1472.78
39 27 1010.71
39 28 1341.68
39 29 1319.37
39 30 1277.51
39 31 979.062
39 32 768.276
39 33 466.004
39 34 2080.2
39 35 1467.5
39 36 1447.56
39 37 1530.89
39 38 1814.87
39 40 788.133
39 41 1625.56
39 42 688.309
39 43 932.894
39 44 1771.42
39 45 1324.52
39 46 990.818
39 47 319.925
39 48 219.164
39 49 1412.34
39 50 803.031
40 1 979.566
40 2 262.64
40 3 872.996
40 4 95.3362
40 5 421.375
40 6 1073.86
40 7 540.507
40 8 766.932
40 9 887.672
40 10 694.113
40 11 483.1
40 12 661.481
40 13 744.046
40 14 859.824
40 15 362.2
40 16 714.158
40 17 459.367
40 18 988.001
40 19 1209.57
40 20 1139.94
40 21 995.942
40 22 1390.89
40 23 338.652
40 24 606.902
40 25 558.628
40 26 949.173
40 27 382.51
40 28 928.493
40 29 871.572
40 30 617.403
40 31 1142
40 32 230.489
40 33 493.077
40 34 1409.87
40 35 692.931
40 36 883.724
40 37 997.422
40 38 1029.58
40 39 788.133
40 41 979.801
40 42 246.402
40 43 288.106
40 44 983.285
40 45 799.721
40 46 788.091
40 47 643.261
40 48 782.27
40 49 642.982
40 50 141.411
41 1 408.932
41 2 1099.98
41 3 1776.41
41 4 932.586
41 5 1242.16
41 6 1819.3
41 7 590.249
41 8 1544
41 9 827.227
41 10 1671.68
41 11 1299.82
41 12 1149.63
41 13 1490.88
41 14 513.218
41 15 771.596
41 16 481.362
41 17 1408.56
41 18 278.002
41 19 1534.26
41 20 1148.66
41 21 334.648
41 22 1655.93
41 23 642.191
41 24 926.086
41 25 1453.2
41 26 299.702
41 27 628.834
41 28 510.813
41 29 463.35
41 30 1213.85
41 31 2112.23
41 32 875.034
41 33 1169.26
41 34 1659.09
41 35 897.659
41 36 239.771
41 37 1609.98
41 38 690.899
41 39 1625.56
41 40 979.801
41 42 1222.57
41 43 1132.62
41 44 778.545
41 45 360.911
41 46 1703.13
41 47 1345.76
41 48 1508.86
41 49 509.949
41 50 880.653
42 1 1189.62
42 2 248.761
42 3 716.807
42 4 319.269
42 5 415.626
42 6 913.982
42 7 741.238
42 8 708.927
42 9 1022.32
42 10 449.165
42 11 364.56
42 12 761.024
42 13 707.425
42 14 1054.58
42 15 538.436
42 16 919.298
42 17 229.085
42 18 1233.58
42 19 1194.59
42 20 1222.67
42 21 1214.72
42 22 1379.22
42 23 580.401
42 24 701.989
42 25 362.994
42 26 1194.21
42 27 627.637
42 28 1163.22
42 29 1109.34
42 30 592.878
42 31 895.599
42 32 439.396
42 33 555.947
42 34 1401.52
42 35 799.88
42 36 1129.94
42 37 899.744
42 38 1199.64
42 39 688.309
42 40 246.402
42 41 1222.57
42 43 244.902
42 44 1134.11
42 45 1043.62
42 46 563.498
42 47 650.644
42 48 751.055
42 49 848.915
42 50 374.386
43 1 1026.07
43 2 33.541
43 3 956.362
43 4 382.907
43 5 633.582
43 6 791.162
43 7 583.949
43 8 948.322
43 9 798.385
43 10 598.306
43 11 199.492
43 12 935.155
43 13 941.901
43 14 875.773
43 15 375.406
43 16 757.715
43 17 299.348
43 18 1198.09
43 19 961.241
43 20 980.027
43 21 1063.69
43 22 1145.52
43 23 518.845
43 24 468.386
43 25 321.31
43 26 1164.63
43 27 617.554
43 28 1178.49
43 29 1116.05
43 30 357.123
43 31 999.925
43 32 517.32
43 33 747.746
43 34 1166.82
43 35 568.149
43 36 1087.34
43 37 711.613
43 38 994.779
43 39 932.894
43 40 288.106
43 41 1132.62
43 42 244.902
43 44 917.238
43 45 1025.26
43 46 570.702
43 47 870
43 48 984.549
43 49 691.712
43 50 422.291
44 1 385.254
44 2 899.027
44 3 1843.17
44 4 1011.52
44 5 1396.04
44 6 1295.5
44 7 483.448
44 8 1744.32
44 9 131.883
44 10 1508.37
44 11 975.895
44 12 1515.83
44 13 1714.4
44 14 272.531
44 15 621.18
44 16 385.561
44 17 1206.12
44 18 1029.51
44 19 806.895
44 20 372.743
44 21 466.387
44 22 898.888
44 23 771.495
44 24 461.866
44 25 1159.03
44 26 1031.8
44 27 893.212
44 28 1199.12
44 29 1131.98
44 30 748.473
44 31 1863.5
44 32 1061.07
44 33 1420.78
44 34 898.079
44 35 365.168
44 36 941.515
44 37 1024.58
44 38 124.824
44 39 1771.42
44 40 983.285
44 41 778.545
44 42 1134.11
44 43 917.238
44 45 996.98
44 46 1381.79
44 47 1595.41
44 48 1748.8
44 49 428.229
44 50 991.406
45 1 693.22
45 2 991.861
45 3 1494.53
45 4 726.419
45 5 960.802
45 6 1788.81
45 7 629.982
45 8 1229.93
45 9 1002.12
45 10 1482.2
45 11 1217.16
45 12 807.272
45 13 1172.26
45 14 728.176
45 15 731.751
45 16 622.101
45 17 1257.94
45 18 198.806
45 19 1649.93
45 20 1339.72
45 21 638.905
45 22 1797.2
45 23 509.284
45 24 978.622
45 25 1339.24
45 26 154.467
45 27 417.599
45 28 204.189
45 29 135.204
45 30 1209.67
45 31 1935.36
45 32 629.331
45 33 859.015
45 34 1805.61
45 35 987.446
45 36 130.311
45 37 1626.81
45 38 942.399
45 39 1324.52
45 40 799.721
45 41 360.911
45 42 1043.62
45 43 1025.26
45 44 996.98
45 46 1580.57
45 47 1025.84
45 48 1185.04
45 49 606.954
45 50 670.814
46 1 1567.64
46 2 603.619
46 3 887.789
46 4 874.406
46 5 905.89
46 6 478.023
46 7 1141.73
46 8 1075.57
46 9 1250.96
46 10 337.249
46 11 420.202
46 12 1285.13
46 13 1104.4
46 14 1406.72
46 15 938.525
46 16 1307.56
46 17 334.464
46 18 1760.96
46 19 1068.45
46 20 1311.43
46 21 1614.16
46 22 1234.21
46 23 1083.21
46 24 925.485
46 25 250.138
46 26 1725.3
46 27 1164.17
46 28 1716.57
46 29 1659.06
46 30 639.414
46 31 487.751
46 32 1001.09
46 33 1072.1
46 34 1261.47
46 35 1017.61
46 36 1651.88
46 37 637.095
46 38 1482.57
46 39 990.818
46 40 788.091
46 41 1703.13
46 42 563.498
46 43 570.702
46 44 1381.79
46 45 1580.57
46 47 1108.33
46 48 1147.87
46 49 1246.28
46 50 927.235
47 1 1501.64
47 2 859.2
47 3 523.974
47 4 589.998
47 5 236.783
47 6 1536.33
47 7 1118.86
47 8 206.189
47 9 1513.77
47 10 821.663
47 11 1015.2
47 12 268.019
47 13 146.414
47 14 1422.29
47 15 985.195
47 16 1267.78
47 17 823.17
47 18 1216.53
47 19 1830.7
47 20 1781.88
47 21 1491.8
47 22 2014.64
47 23 839.774
47 24 1249.73
47 25 983.392
47 26 1169.72
47 27 758.718
47 28 1027.63
47 29 1009.4
47 30 1226.94
47 31 1216
47 32 539.073
47 33 182.275
47 34 2035.41
47 35 1333.29
47 36 1152.46
47 37 1549.62
47 38 1620.43
47 39 319.925
47 40 643.261
47 41 1345.76
47 42 650.644
47 43 870
47 44 1595.41
47 45 1025.84
47 46 1108.33
47 48 164.247
47 49 1201.66
47 50 604.293
48 1 1664.4
48 2 977.815
48 3 431.231
48 4 738.475
48 5 361.471
48 6 1597.89
48 7 1275.7
48 8 88.0738
48 9 1663.19
48 10 835.556
48 11 1111.26
48 12 399.831
48 13 44.6542
48 14 1582.18
48 15 1133.67
48 16 1427.84
48 17 893.633
48 18 1373.5
48 19 1944.29
48 20 1921.78
48 21 1655.48
48 22 2128.85
48 23 999.776
48 24 1388.32
48 25 1055.35
48 26 1326.69
48 27 922.312
48 28 1176.63
48 29 1162.47
48 30 1340.63
48 31 1187.57
48 32 698.556
48 33 346.001
48 34 2150.65
48 35 1475.19
48 36 1312.61
48 37 1638.01
48 38 1777.67
48 39 219.164
48 40 782.27
48 41 1508.86
48 42 751.055
48 43 984.549
48 44 1748.8
48 45 1185.04
48 46 1147.87
48 47 164.247
48 49 1360.97
48 50 757.866
49 1 340.718
49 2 662.82
49 3 1514.48
49 4 643.028
49 5 1023.26
49 6 1314.82
49 7 108.674
49 8 1367.47
49 9 402.165
49 10 1279.03
49 11 828.748
49 12 1097.5
49 13 1330.27
49 14 221.903
49 15 317.907
49 16 71.1969
49 17 988.518
49 18 691.339
49 19 1052.86
49 20 738.391
49 21 372.06
49 22 1193.12
49 23 362.117
49 24 416.255
49 25 998.333
49 26 679.592
49 27 469.596
49 28 810.744
49 29 740.582
49 30 708.395
49 31 1691.6
49 32 662.677
49 33 1021.86
49 34 1200.55
49 35 396.081
49 36 585.568
49 37 1100.04
49 38 423.572
49 39 1412.34
49 40 642.982
49 41 509.949
49 42 848.915
49 43 691.712
49 44 428.229
49 45 606.954
49 46 1246.28
49 47 1201.66
49 48 1360.97
49 50 610.184
50 1 932.353
50 2 393.935
50 3 918.593
50 4 55.6058
50 5 413.091
50 6 1212.12
50 7 519.339
50 8 758.615
50 9 910.371
50 10 812.219
50 11 620.291
50 12 568.69
50 13 724.572
50 14 832.024
50 15 384.526
50 16 679.46
50 17 596.018
50 18 863.4
50 19 1306.33
50 20 1190.28
50 21 937.75
50 22 1484.4
50 23 261.262
50 24 666.784
50 25 699.927
50 26 822.788
50 27 259.725
50 28 790.454
50 29 735.326
50 30 729.672
50 31 1264.7
50 32 99.8098
50 33 433.389
50 34 1501.8
50 35 741.321
50 36 762.984
50 37 1123.7
50 38 1020.99
50 39 803.031
50 40 141.411
50 41 880.653
50 42 374.386
50 43 422.291
50 44 991.406
50 45 670.814
50 46 927.235
50 47 604.293
50 48 757.866
50 49 610.184
